22 8 90 94 77 
65 74 46 28 31 
86 54 94 47 3 
64 9 26 49 63 
53 6 98 98 33 
97 53 20 85 41 
73 84 12 44 11 
46 58 40 30 78 
27 100 90 73 24 
9 71 84 26 79 
5 8 9 76 57 
56 82 87 51 56 
81 19 32 62 58 
79 14 13 83 82 
54 78 47 76 90 
73 82 23 13 24 
74 16 80 93 34 
82 51 67 53 66 
37 19 22 94 74 
99 20 11 55 86 
33 10 87 98 96 
90 60 40 63 28 
84 2 3 5 8 
20 75 21 88 100 
36 37 57 19 57 
62 87 46 9 34 
26 39 86 80 29 
9 53 43 86 11 
12 85 93 95 66 
82 48 60 61 28 
56 74 78 9 2 
14 92 72 45 43 
11 18 19 43 41 
61 75 48 8 3 
7 78 8 24 48 
17 62 90 12 65 
15 23 10 90 62 
10 72 47 18 99 
30 7 4 75 67 
42 43 67 38 50 
83 42 32 89 52 
7 24 64 5 10 
12 99 33 58 3 
8 90 88 60 14 
68 11 26 89 85 
35 1 12 39 100 
50 60 76 52 87 
60 46 5 18 43 
46 14 100 89 88 
38 62 51 36 7 
4 38 52 40 99 
39 78 56 89 24 
74 48 10 49 81 
44 26 84 53 23 
42 87 77 62 37 
97 51 50 64 91 
45 90 2 49 30 
99 47 6 83 15 
27 44 59 61 19 
82 43 63 51 91 
62 44 3 36 89 
5 93 78 47 74 
69 45 81 2 85 
50 45 31 50 40 
44 8 27 99 46 
73 41 22 14 29 
64 58 84 68 2 
68 48 93 42 12 
63 83 45 21 88 
31 17 21 61 84 
25 21 25 91 97 
45 64 91 63 54 
70 90 44 82 44 
47 35 86 88 48 
31 39 8 40 95 
38 18 64 46 54 
55 98 36 96 74 
35 74 42 12 48 
34 34 71 26 63 
89 72 26 85 12 
26 58 32 91 60 
85 83 45 27 43 
40 56 10 74 15 
98 31 18 44 62 
71 19 50 1 25 
36 58 56 71 92 
13 30 66 73 81 
16 82 58 63 61 
71 90 63 49 66 
11 29 14 87 26 
17 49 12 80 58 
91 99 33 51 76 
30 49 74 89 16 
23 59 58 3 64 
41 27 29 50 40 
48 20 58 71 81 
36 91 96 19 31 
71 27 85 87 5 
36 87 44 29 65 
13 72 38 36 49 
82 34 22 50 83 
99 66 49 92 9 
28 6 8 11 89 
13 85 68 16 19 
80 20 52 91 58 
89 54 57 86 40 
26 66 44 24 9 
91 67 24 96 84 
68 38 38 90 29 
72 73 33 33 52 
71 76 69 97 15 
78 3 84 21 73 
74 93 48 71 31 
2 99 81 63 30 
49 81 43 92 18 
68 33 15 42 44 
52 90 25 60 35 
81 57 62 91 39 
41 90 48 75 94 
53 82 73 84 21 
89 98 58 4 10 
24 83 89 57 24 
22 54 1 51 53 
72 99 24 58 42 
31 88 87 80 31 
36 12 76 86 64 
43 34 70 21 64 
90 11 69 87 32 
5 35 60 87 52 
53 9 32 47 18 
42 1 46 73 14 
94 61 61 90 32 
6 15 49 25 98 
78 52 61 98 83 
3 14 73 71 27 
24 26 34 2 3 
4 42 62 81 88 
49 95 45 64 54 
61 10 75 55 46 
62 81 84 56 54 
17 66 70 59 61 
6 58 11 94 6 
56 10 62 62 53 
60 78 37 38 4 
30 63 96 64 68 
23 21 8 87 50 
2 49 2 74 89 
18 25 2 86 41 
41 79 6 20 85 
36 71 56 8 67 
11 40 45 99 30 
51 93 19 67 71 
12 45 25 30 9 
8 88 83 36 68 
80 99 74 23 84 
46 100 29 52 88 
57 1 93 68 34 
39 33 64 63 68 
8 12 48 68 85 
42 57 63 63 55 
28 3 33 35 22 
1 48 27 17 76 
56 44 37 31 97 
17 5 15 37 77 
21 92 19 15 43 
9 86 35 34 56 
17 74 79 1 19 
15 51 86 76 84 
47 19 27 52 92 
71 38 26 54 91 
76 60 20 13 37 
19 32 14 9 46 
49 78 59 23 19 
44 92 61 92 100 
77 96 37 80 2 
27 15 95 53 68 
85 31 99 31 91 
55 82 5 77 25 
12 16 81 57 4 
51 34 13 83 62 
34 89 66 52 53 
4 67 23 46 30 
14 15 17 98 11 
28 62 72 25 8 
80 31 45 11 95 
9 33 65 17 79 
84 3 52 20 32 
72 45 47 20 71 
4 13 12 66 76 
57 3 45 30 38 
55 25 42 59 75 
12 58 50 58 73 
24 60 96 47 39 
6 51 7 34 40 
40 83 81 58 24 
77 61 88 71 64 
70 64 40 91 63 
4 38 12 3 85 
82 73 47 66 97 
81 49 70 75 13 
